#
#
#  Percent Identity  Matrix - created by Clustal2.1 
#
#

     1: NC_001440_CMV_RNA3     100.00   34.81   34.99   35.44   36.34   36.16   36.35   36.95   35.47   33.78   34.51   35.23   36.04   36.17   34.70   31.21   32.77   31.32   33.60   31.85   32.66   32.81   33.69   31.76   33.21   32.94   33.74   33.37   33.69   33.68   35.88   35.34   34.80   34.51   31.08   29.43
     2: MG800791_PVC_RNA3       34.81  100.00   61.50   60.46   60.34   58.81   59.02   59.10   54.79   55.72   58.05   57.47   55.66   57.23   57.01   32.55   31.97   33.56   33.29   31.88   35.29   33.55   34.36   34.15   33.50   33.55   35.98   37.52   36.94   37.87   36.97   39.16   39.85   38.77   34.41   29.72
     3: JQ015298_BaCV_RNA3      34.99   61.50  100.00   62.52   63.60   57.12   57.08   57.22   54.52   56.42   58.57   58.25   56.60   56.39   58.14   33.57   31.77   32.35   32.89   33.16   35.16   34.20   34.61   35.53   34.64   35.11   35.74   37.22   37.30   37.05   37.77   38.33   37.96   39.13   33.11   32.25
     4: NC_005854_PMoV_RNA3     35.44   60.46   62.52  100.00   79.56   54.85   54.49   54.35   54.13   55.26   56.13   57.29   55.35   55.63   56.23   33.89   33.91   34.90   34.75   34.32   35.10   34.08   35.75   34.50   34.78   33.92   35.28   37.26   36.83   37.32   37.13   36.80   37.88   37.35   33.47   30.92
     5: MH780156_TNSV_RNA3      36.34   60.34   63.60   79.56  100.00   56.04   55.97   55.89   54.02   55.49   56.59   57.67   55.44   55.20   55.88   32.76   32.84   34.10   34.35   33.58   34.87   33.98   33.76   34.72   33.69   33.55   35.30   37.35   37.47   37.89   37.69   37.74   38.39   38.76   34.29   31.15
     6: MN412727_SLAIV_RNA3     36.16   58.81   57.12   54.85   56.04  100.00   96.55   96.89   56.94   56.90   57.43   56.04   56.99   59.04   59.54   31.28   31.92   32.64   32.10   32.53   34.06   34.86   33.61   35.29   33.11   32.92   35.20   35.32   35.85   36.21   36.33   36.70   37.06   36.62   33.14   32.83
     7: MN520744_GAIV_RNA3      36.35   59.02   57.08   54.49   55.97   96.55  100.00   97.71   56.86   56.90   57.68   56.14   56.99   58.86   59.36   31.34   31.81   32.92   32.50   32.76   33.33   34.60   33.94   35.73   32.50   32.61   35.03   35.25   35.76   36.00   36.69   37.11   36.85   36.53   33.27   32.23
     8: MN216376_SNIV-1_RNA3    36.95   59.10   57.22   54.35   55.89   96.89   97.71  100.00   56.74   57.06   57.87   56.45   56.87   59.12   59.85   31.45   31.70   32.76   32.21   32.76   33.70   34.61   33.51   35.24   32.46   32.71   35.33   35.32   36.01   36.53   36.54   37.11   37.16   36.91   33.16   32.40
     9: NC_011555_BCRV_RNA3     35.47   54.79   54.52   54.13   54.02   56.94   56.86   56.74  100.00   59.63   63.58   62.35   61.71   70.11   64.83   33.65   33.56   32.97   33.87   32.10   34.76   33.95   32.56   34.50   33.94   33.66   37.12   36.35   36.50   35.79   36.07   38.43   38.91   37.64   32.53   29.60
    10: NC_027930_PrRSV_RNA3    33.78   55.72   56.42   55.26   55.49   56.90   56.90   57.06   59.63  100.00   63.05   60.79   59.66   63.61   62.86   32.64   34.75   32.55   34.20   32.67   34.26   35.26   34.73   32.75   33.76   34.01   35.76   35.49   35.85   34.08   36.55   37.89   36.93   37.34   33.62   30.42
    11: NC_003845_TSV_RNA3      34.51   58.05   58.57   56.13   56.59   57.43   57.68   57.87   63.58   63.05  100.00   66.56   61.97   65.06   64.37   33.33   32.41   32.79   34.50   32.34   34.24   33.20   32.64   34.01   32.79   33.08   36.17   36.75   36.51   34.59   35.87   38.22   37.22   37.65   32.96   28.76
    12: NC_022129_AgLV_RNA3     35.23   57.47   58.25   57.29   57.67   56.04   56.14   56.45   62.35   60.79   66.56  100.00   69.75   65.33   63.95   34.32   32.48   33.74   34.05   31.33   35.27   34.12   33.02   34.60   35.53   33.25   34.25   36.31   36.15   35.37   36.15   38.25   37.76   37.25   34.28   30.20
    13: NC_040394_CGIV-1_RNA3   36.04   55.66   56.60   55.35   55.44   56.99   56.99   56.87   61.71   59.66   61.97   69.75  100.00   62.91   62.08   33.98   32.92   33.41   34.01   31.58   35.65   32.43   32.89   33.53   34.14   33.86   35.74   37.57   37.07   36.40   37.92   38.58   38.97   39.31   32.73   29.38
    14: NC_008706_SNSV_RNA3     36.17   57.23   56.39   55.63   55.20   59.04   58.86   59.12   70.11   63.61   65.06   65.33   62.91  100.00   68.36   33.32   32.46   31.86   32.09   30.17   35.71   33.95   33.74   34.12   34.45   35.23   35.87   36.64   34.88   36.95   36.24   37.65   37.25   37.88   34.53   30.66
    15: MW579755_PrV-1_RNA3     34.70   57.01   58.14   56.23   55.88   59.54   59.36   59.85   64.83   62.86   64.37   63.95   62.08   68.36  100.00   33.53   33.42   32.93   34.41   32.40   34.07   35.12   34.02   35.09   34.01   34.07   34.99   36.79   35.69   36.18   36.44   38.17   37.57   37.42   32.96   30.88
    16: NC_003480_ApMV_RNA3     31.21   32.55   33.57   33.89   32.76   31.28   31.34   31.45   33.65   32.64   33.33   34.32   33.98   33.32   33.53  100.00   52.18   50.03   52.79   50.24   38.28   36.40   37.61   36.77   38.26   38.30   30.54   30.35   31.03   31.17   32.56   32.45   32.00   32.76   29.65   30.64
    17: NC_025481_LLCV_RNA3     32.77   31.97   31.77   33.91   32.84   31.92   31.81   31.70   33.56   34.75   32.41   32.48   32.92   32.46   33.42   52.18  100.00   53.81   55.23   54.92   36.50   39.08   39.57   38.79   38.90   38.38   31.07   32.24   32.52   31.98   32.70   31.95   31.36   30.97   30.48   30.85
    18: NC_022252_BlShV_RNA3    31.32   33.56   32.35   34.90   34.10   32.64   32.92   32.76   32.97   32.55   32.79   33.74   33.41   31.86   32.93   50.03   53.81  100.00   54.05   52.57   36.98   37.92   39.18   37.65   40.93   38.97   29.91   31.25   32.10   31.86   32.23   31.60   31.72   32.99   27.80   29.03
    19: NC_004364_PNRSV_RNA3    33.60   33.29   32.89   34.75   34.35   32.10   32.50   32.21   33.87   34.20   34.50   34.05   34.01   32.09   34.41   52.79   55.23   54.05  100.00   59.57   37.75   37.77   38.88   39.78   40.67   39.71   31.17   32.71   31.98   32.09   33.84   31.54   33.96   34.58   31.52   31.93
    20: NC_040470_ApNMV_RNA3    31.85   31.88   33.16   34.32   33.58   32.53   32.76   32.76   32.10   32.67   32.34   31.33   31.58   30.17   32.40   50.24   54.92   52.57   59.57  100.00   38.05   39.03   38.61   38.24   39.77   39.90   31.09   32.50   32.58   31.68   34.22   32.10   31.87   33.39   30.02   28.65
    21: NC_006066_HJLV_RNA3     32.66   35.29   35.16   35.10   34.87   34.06   33.33   33.70   34.76   34.26   34.24   35.27   35.65   35.71   34.07   38.28   36.50   36.98   37.75   38.05  100.00   41.70   41.98   42.08   42.75   40.64   30.72   33.48   33.90   32.31   32.34   33.00   32.07   33.60   30.07   29.95
    22: NC_008038_PDV_RNA3      32.81   33.55   34.20   34.08   33.98   34.86   34.60   34.61   33.95   35.26   33.20   34.12   32.43   33.95   35.12   36.40   39.08   37.92   37.77   39.03   41.70  100.00   68.61   49.05   46.64   47.42   30.94   30.22   30.57   30.33   31.31   30.94   31.81   31.93   29.46   30.01
    23: KX196164_VWDAV_RNA3     33.69   34.36   34.61   35.75   33.76   33.61   33.94   33.51   32.56   34.73   32.64   33.02   32.89   33.74   34.02   37.61   39.57   39.18   38.88   38.61   41.98   68.61  100.00   49.41   47.40   48.70   32.46   30.31   31.33   29.89   30.77   31.14   31.11   31.05   30.12   31.60
    24: WCVA-RNA3-race          31.76   34.15   35.53   34.50   34.72   35.29   35.73   35.24   34.50   32.75   34.01   34.60   33.53   34.12   35.09   36.77   38.79   37.65   39.78   38.24   42.08   49.05   49.41  100.00   51.63   50.62   32.20   31.96   32.36   32.44   32.15   32.25   32.30   32.32   28.94   31.27
    25: NC_006568_FClLV_RNA3    33.21   33.50   34.64   34.78   33.69   33.11   32.50   32.46   33.94   33.76   32.79   35.53   34.14   34.45   34.01   38.26   38.90   40.93   40.67   39.77   42.75   46.64   47.40   51.63  100.00   73.79   32.93   33.15   34.47   33.38   33.52   33.94   33.71   33.56   31.27   31.43
    26: MH_937420_PYV_RNA3      32.94   33.55   35.11   33.92   33.55   32.92   32.61   32.71   33.66   34.01   33.08   33.25   33.86   35.23   34.07   38.30   38.38   38.97   39.71   39.90   40.64   47.42   48.70   50.62   73.79  100.00   32.62   33.00   33.61   33.08   34.35   34.19   33.65   34.19   30.37   30.16
    27: NC_038776_LRMV_RNA3     33.74   35.98   35.74   35.28   35.30   35.20   35.03   35.33   37.12   35.76   36.17   34.25   35.74   35.87   34.99   30.54   31.07   29.91   31.17   31.09   30.72   30.94   32.46   32.20   32.93   32.62  100.00   42.75   44.91   48.43   48.22   43.25   43.39   44.87   34.81   34.70
    28: NC_003835_TAMV_RNA3     33.37   37.52   37.22   37.26   37.35   35.32   35.25   35.32   36.35   35.49   36.75   36.31   37.57   36.64   36.79   30.35   32.24   31.25   32.71   32.50   33.48   30.22   30.31   31.96   33.15   33.00   42.75  100.00   77.96   55.64   53.20   61.48   63.10   62.59   38.13   36.57
    29: NC_039076_ToNSV_RNA3    33.69   36.94   37.30   36.83   37.47   35.85   35.76   36.01   36.50   35.85   36.51   36.15   37.07   34.88   35.69   31.03   32.52   32.10   31.98   32.58   33.90   30.57   31.33   32.36   34.47   33.61   44.91   77.96  100.00   57.66   56.55   65.01   65.64   66.44   37.48   36.59
    30: NC_003546_CLRV_RNA3     33.68   37.87   37.05   37.32   37.89   36.21   36.00   36.53   35.79   34.08   34.59   35.37   36.40   36.95   36.18   31.17   31.98   31.86   32.09   31.68   32.31   30.33   29.89   32.44   33.38   33.08   48.43   55.64   57.66  100.00   63.75   52.89   52.17   52.56   37.08   33.74
    31: NC_009536_CVV_RNA3      35.88   36.97   37.77   37.13   37.69   36.33   36.69   36.54   36.07   36.55   35.87   36.15   37.92   36.24   36.44   32.56   32.70   32.23   33.84   34.22   32.34   31.31   30.77   32.15   33.52   34.35   48.22   53.20   56.55   63.75  100.00   60.88   66.95   66.74   36.63   36.53
    32: NC_003810_SPLV_RNA3     35.34   39.16   38.33   36.80   37.74   36.70   37.11   37.11   38.43   37.89   38.22   38.25   38.58   37.65   38.17   32.45   31.95   31.60   31.54   32.10   33.00   30.94   31.14   32.25   33.94   34.19   43.25   61.48   65.01   52.89   60.88  100.00   72.44   73.88   37.71   36.58
    33: NC_003570_EMoV_RNA3     34.80   39.85   37.96   37.88   38.39   37.06   36.85   37.16   38.91   36.93   37.22   37.76   38.97   37.25   37.57   32.00   31.36   31.72   33.96   31.87   32.07   31.81   31.11   32.30   33.71   33.65   43.39   63.10   65.64   52.17   66.95   72.44  100.00   80.32   37.53   36.21
    34: NC_011807_AV2_RNA3      34.51   38.77   39.13   37.35   38.76   36.62   36.53   36.91   37.64   37.34   37.65   37.25   39.31   37.88   37.42   32.76   30.97   32.99   34.58   33.39   33.60   31.93   31.05   32.32   33.56   34.19   44.87   62.59   66.44   52.56   66.74   73.88   80.32  100.00   36.76   34.88
    35: NC_003453_APLPV_RNA3    31.08   34.41   33.11   33.47   34.29   33.14   33.27   33.16   32.53   33.62   32.96   34.28   32.73   34.53   32.96   29.65   30.48   27.80   31.52   30.02   30.07   29.46   30.12   28.94   31.27   30.37   34.81   38.13   37.48   37.08   36.63   37.71   37.53   36.76  100.00   46.88
    36: NC_040437_TPLPV_RNA3    29.43   29.72   32.25   30.92   31.15   32.83   32.23   32.40   29.60   30.42   28.76   30.20   29.38   30.66   30.88   30.64   30.85   29.03   31.93   28.65   29.95   30.01   31.60   31.27   31.43   30.16   34.70   36.57   36.59   33.74   36.53   36.58   36.21   34.88   46.88  100.00
